139,52
139,51
139,50
139,49
139,48
139,47
139,46
139,45
139,44
139,43
139,42
139,41
139,40
139,39
139,38
139,37
139,36
113,1
113,3
14,1
14,3
13,1
13,3
139,35
138,3
138,2
138,1
138,0
137,3
137,2
137,1
137,0
136,3
136,2
20,2
136,1
136,0
20,1
135,3
20,3
135,2
135,1
135,0
134,3
134,2
134,1
134,0
19,2
133,3
19,1
19,3
133,2
133,1
133,0
132,0
131,16
131,15
131,14
131,13
131,12
131,11
131,10
131,9
131,8
131,7
131,6
131,5
131,4
131,3
131,2
131,1
131,0
130,8
130,7
130,6
130,5
130,4
130,3
130,2
130,1
130,0
129,5
129,4
129,3
129,2
129,1
129,0
128,91
